# Name, Nmeasurements, time-span (days), mean logRhk, median logRhk, sig_Rhk_raw, sig_Rhk_short-term, Pcycle, gamma, A, Prot (days), Age (Gyr)
HD1461	164	2652	-4.996	-4.998	0.0291	0.0215	3754 850675	-4.993	0.0351	29.0  3.3	5.12  0.59
HD1581	127	2625	-4.954	-4.954	0.0099	0.0084	1018 5417	-4.953	0.0099	16.7  2.6	2.92  0.34
HD4915	40	1822	-4.818	-4.812	0.1287	0.0483	1863 1291151	-4.820	0.1804	21.3  3.2	3.07  0.35
HD7199	87	2633	-4.938	-4.978	0.2255	0.0688	2760 431169	-4.916	0.2620	41.4  4.7	6.38  0.74
HD8828	46	2224	-5.014	-5.012	0.0212	0.0144	2163 320304	-5.024	0.0383	38.8  3.8	7.05  0.81
HD9246	18	2092	-4.858	-4.863	0.0984	0.0430	2747 534807	-4.883	0.1998	39.8  4.7	5.85  0.67
HD10180	218	2601	-4.996	-4.995	0.0270	0.0223	2737 431148	-4.999	0.0216	24.1  3.0	4.28  0.49
HD13060	63	2581	-4.830	-4.828	0.1923	0.0844	5508 4092	-4.766	0.5957	29.8  4.3	3.90  0.45
HD13724	28	2134	-4.736	-4.731	0.1117	0.0637	2393 3193035	-4.759	0.1582	19.9  3.3	2.63  0.30
HD13808	128	2601	-4.910	-4.954	0.2397	0.0704	3715 850672	-4.883	0.2688	40.2  4.8	5.87  0.68
HD15337	43	2258	-4.905	-4.916	0.1004	0.0617	1111 73296	-4.902	0.1185	41.8  4.9	6.20  0.71
HD20003	98	2596	-4.969	-4.994	0.1156	0.0292	3149 546124	-4.934	0.1711	37.1  4.1	6.08  0.70
HD20807	38	2309	-4.905	-4.906	0.0393	0.0266	1133 165090	-4.905	0.0495	17.7  2.8	2.87  0.33
HD20619	26	2138	-4.829	-4.817	0.1071	0.0553	1687 118541	-4.846	0.1438	22.3  3.2	3.32  0.38
HD20794	197	2694	-5.025	-5.025	0.0093	0.0078	751 22590	-5.025	0.0065	35.4  3.6	6.45  0.74
HD20781	95	2648	-5.045	-5.046	0.0199	0.0160	8000 4249	-5.080	0.0848	49.5  4.4	9.19  1.06
HD20782	51	2687	-4.924	-4.930	0.0410	0.0297	1150 6558	-4.920	0.0474	21.6  3.0	3.52  0.41
HD21749	52	2225	-4.721	-4.719	0.1896	0.1060	2164 229395	-4.733	0.2037	34.5  6.8	3.32  0.38
HD21693	124	2700	-4.920	-4.892	0.1562	0.0512	2483 322526	-4.935	0.2094	36.3  4.0	5.98  0.69
HD26965A	16	2163	-4.993	-4.992	0.0856	0.0121	3352 850453	-4.958	0.1585	42.2  4.4	6.95  0.80
HD27063	40	1576	-4.749	-4.750	0.0774	0.0528	1316 115234	-4.749	0.0903	19.5  3.3	2.54  0.29
HD34688	17	2714	-4.924	-4.948	0.1834	0.0275	2026 210782	-4.932	0.2842	41.3  4.5	6.57  0.76
HD39194	133	2718	-5.026	-5.025	0.0269	0.0170	8000 2151	-5.032	0.0424	41.4  4.0	7.54  0.87
HD38858	51	2965	-4.948	-4.948	0.0184	0.0139	3406 547208	-4.945	0.0208	23.6  3.1	3.95  0.45
HD40307	183	2720	-4.995	-5.021	0.1252	0.0373	3804 850666	-4.957	0.1894	47.2  5.3	7.08  0.81
HD45184	81	2739	-4.896	-4.895	0.0728	0.0406	1595 112058	-4.913	0.0979	21.4  3.0	3.45  0.40
HD45364	64	2697	-4.978	-4.979	0.0448	0.0353	8000 6958	-4.970	0.0717	34.0  3.7	5.86  0.67
HD51608	116	2698	-4.986	-4.986	0.0408	0.0346	2481 322526	-4.981	0.0317	39.6  4.1	6.84  0.79
HD55693	22	3006	-4.963	-4.958	0.0451	0.0200	2403 226168	-4.981	0.0773	27.4  3.2	4.76  0.55
HD59468	141	2755	-4.993	-4.991	0.0251	0.0178	8000 2131	-5.000	0.0361	31.8  3.5	5.66  0.65
HD63765	48	2303	-4.760	-4.763	0.1537	0.1138	2219 3100415	-4.772	0.2275	26.2  3.8	3.52  0.41
HD65907A	62	2609	-4.948	-4.950	0.0209	0.0139	8000 2216	-4.923	0.0779	14.9  2.6	2.57  0.30
HD65277	15	2703	-5.039	-5.058	0.0833	0.0171	3791 2506548	-5.037	0.0949	54.9  6.2	8.05  0.93
HD67458	25	3009	-4.927	-4.926	0.0544	0.0177	8000 3194	-4.881	0.1910	17.1  2.8	2.69  0.31
HD68607	40	1210	-4.722	-4.713	0.1623	0.1069	863 130	-4.725	0.1495	29.9  4.7	3.54  0.41
HD68978A	61	2340	-4.875	-4.876	0.0459	0.0364	1021 53810	-4.867	0.0566	18.8  2.9	2.88  0.33
HD69830	205	2747	-4.986	-4.996	0.0565	0.0217	5865 1235	-4.944	0.1439	35.8  3.9	5.98  0.69
HD71479	16	2355	-5.015	-5.016	0.0382	0.0149	1525 1191493	-4.997	0.0798	26.6  3.2	4.72  0.54
HD71835	72	2698	-4.898	-4.907	0.1052	0.0588	3222 546158	-4.923	0.1803	36.5  4.1	5.91  0.68
HD72673	65	2464	-4.968	-4.961	0.0668	0.0233	3050 545088	-4.975	0.0910	40.2  4.1	6.86  0.79
HD73121	20	2709	-5.048	-5.048	0.0219	0.0121	1581 3100821	-5.057	0.0343	19.2  2.6	3.72  0.43
HD73524	60	2694	-4.981	-4.981	0.0385	0.0197	2801 938242	-4.981	0.0464	19.8  2.8	3.49  0.40
HD78747	43	2554	-4.991	-4.992	0.0167	0.0121	2389 321560	-4.994	0.0188	16.5  2.6	3.06  0.35
HD82342	31	3009	-5.012	-5.010	0.0753	0.0333	3434 547218	-4.999	0.1184	50.9  5.6	7.68  0.88
HD82516	56	2320	-4.954	-4.963	0.1222	0.0537	6065 4074	-4.802	0.5874	36.7  5.3	4.59  0.53
HD85390	65	2689	-4.969	-4.967	0.0631	0.0401	2476 322525	-4.973	0.0790	44.9  4.7	7.37  0.85
HD85512	175	2705	-4.936	-4.937	0.1143	0.0317	3793 850666	-4.956	0.2035	50.9  7.0	6.41  0.74
HD86140	17	2690	-4.838	-4.844	0.1002	0.0506	2798 4114827	-4.831	0.1836	39.0  5.4	4.98  0.57
HD86065	24	3008	-4.872	-4.877	0.1245	0.0621	891 132780	-4.856	0.1275	40.7  5.4	5.37  0.62
HD89454	48	1468	-4.685	-4.688	0.1353	0.0906	1573 537353	-4.695	0.1606	21.1  3.7	2.51  0.29
HD90156	79	2665	-4.973	-4.973	0.0131	0.0111	1279 8712	-4.973	0.0092	27.0  3.2	4.67  0.54
HD90711	18	2306	-4.974	-4.972	0.0837	0.0269	2925 545010	-4.984	0.1180	43.1  4.4	7.33  0.84
HD90812	22	2307	-4.981	-4.994	0.1170	0.0286	8000 2419	-4.831	0.5507	34.1  4.4	4.85  0.56
HD93083	66	2279	-4.941	-4.933	0.1627	0.0443	3453 850560	-4.942	0.2273	46.2  5.3	6.81  0.78
HD94151	20	2703	-4.960	-4.981	0.0915	0.0233	3792 850666	-4.951	0.1561	33.1  3.7	5.58  0.64
HD96700	152	3011	-4.967	-4.968	0.0199	0.0178	830 27	-4.965	0.0141	20.6  2.9	3.55  0.41
HD98281	53	2227	-4.914	-4.911	0.0670	0.0487	2861 1339654	-4.938	0.1120	33.5  3.8	5.57  0.64
HD100508	32	2284	-5.001	-5.008	0.0776	0.0297	8000 3735	-4.903	0.3236	39.5  4.5	6.09  0.70
HD101930	33	2261	-5.016	-5.019	0.0497	0.0304	8000 2453	-4.906	0.3137	43.0  5.1	6.25  0.72
HD106116	103	2658	-5.005	-5.007	0.0243	0.0143	3194 546147	-5.002	0.0335	33.1  3.5	5.90  0.68
HD106275	17	2649	-4.870	-4.891	0.1956	0.0709	3187 546147	-4.893	0.3246	41.6  5.0	6.05  0.70
HD108309	20	2647	-5.003	-5.000	0.0341	0.0163	1552 3507405	-5.014	0.0547	29.9  3.3	5.39  0.62
HD109200	118	2866	-4.976	-4.981	0.0771	0.0335	8000 2069	-4.950	0.2118	43.0  4.6	6.92  0.80
HD114613	96	1768	-5.059	-5.063	0.0545	0.0371	897 6513	-5.053	0.0553	34.1  3.5	6.38  0.73
HD114747	38	1473	-4.829	-4.859	0.2596	0.0767	1820 323433	-4.794	0.3770	36.0  5.2	4.49  0.52
HD115617	129	2639	-4.992	-4.995	0.0241	0.0198	1548 286161	-4.993	0.0200	33.9  3.6	5.99  0.69
HD115674	39	2252	-4.919	-4.924	0.0484	0.0295	1947 253868	-4.902	0.0852	25.5  3.3	4.08  0.47
HD119638	24	3000	-4.934	-4.932	0.0417	0.0196	6000 2000	-4.932	0.0484	12.0  2.3	2.35  0.27
HD125072	24	2174	-4.941	-4.952	0.1343	0.0555	1146 97082	-4.859	0.2797	42.0  5.9	5.23  0.60
HD125881	26	3003	-4.872	-4.867	0.0795	0.0289	1044 4473	-4.867	0.1241	15.7  2.7	2.45  0.28
HD129642	54	1510	-4.971	-4.973	0.0488	0.0363	1419 413469	-4.968	0.0464	48.0  5.3	7.27  0.84
HD132648	28	2624	-4.874	-4.890	0.1187	0.0528	5792 2060	-4.845	0.2082	28.1  3.7	4.18  0.48
HD134664	28	1066	-4.871	-4.858	0.0823	0.0263	2097 691	-4.871	0.1588	23.2  3.2	3.58  0.41
HD136352	123	2543	-4.986	-4.986	0.0107	0.0098	1041 59781	-4.986	0.0060	25.0  3.1	4.37  0.50
HD136713	41	2203	-4.787	-4.771	0.1429	0.0710	5706 3791	-4.921	0.5547	45.4  5.6	6.36  0.73
HD138549	21	2622	-4.834	-4.819	0.1370	0.0639	2180 225035	-4.851	0.1759	28.4  3.7	4.26  0.49
HD137388	64	2118	-4.879	-4.867	0.1461	0.0723	2770 534819	-4.877	0.1844	40.6  5.0	5.79  0.67
HD144628	53	2105	-5.004	-5.003	0.0508	0.0280	4103 1830421	-5.017	0.0797	48.2  4.7	8.21  0.95
HD146233	38	2157	-4.923	-4.923	0.0793	0.0287	2803 2369263	-4.918	0.1476	23.8  3.2	3.87  0.45
HD148303	31	2164	-4.667	-4.657	0.2140	0.1017	2416 9132674	-4.674	0.3000	28.9  5.6	2.82  0.33
HD154088	107	1866	-5.034	-5.037	0.0267	0.0174	8000 6487	-4.977	0.1550	42.6  4.4	7.20  0.83
HD154577	118	2550	-4.974	-4.981	0.0750	0.0289	2702 431126	-4.959	0.1294	45.8  5.0	7.18  0.83
HD157172	81	2099	-4.990	-5.001	0.0798	0.0228	8000 2581	-4.840	0.4855	32.7  4.1	4.78  0.55
HD157830	55	2526	-4.822	-4.824	0.1164	0.0655	1613 114109	-4.822	0.1487	24.3  3.5	3.51  0.40
HD161098	65	1866	-4.946	-4.952	0.0500	0.0282	8000 2791	-4.801	0.4861	22.5  3.4	3.16  0.36
HD172513	41	1081	-4.777	-4.777	0.0751	0.0503	1221 418511	-4.799	0.1205	28.3  3.9	3.95  0.45
HD177565	26	1684	-4.927	-4.949	0.1218	0.0248	2016 325652	-4.895	0.1710	28.4  3.5	4.50  0.52
HD188559	35	1153	-4.811	-4.826	0.1981	0.0952	2221 740341	-4.811	0.3193	39.1  6.2	4.45  0.51
HD192310	152	2704	-4.996	-5.009	0.1060	0.0258	3792 850666	-4.931	0.2049	43.7  4.9	6.69  0.77
HD197823	19	1056	-4.719	-4.751	0.2345	0.0377	764 263001	-4.645	0.4882	21.0  4.0	2.27  0.26
HD199960	30	1864	-4.982	-4.978	0.0488	0.0174	1076 8732	-4.992	0.0857	25.2  3.1	4.43  0.51
HD203432	36	1405	-4.816	-4.838	0.1904	0.0641	2080 437224	-4.838	0.2825	29.5  3.8	4.35  0.50
HD204313	66	1548	-4.993	-4.997	0.0323	0.0233	987 73	-5.000	0.0371	33.1  3.5	5.88  0.68
HD204941	34	2180	-4.962	-4.971	0.0695	0.0238	2132 229362	-4.957	0.0892	45.3  4.9	7.15  0.82
HD207129	79	1876	-4.898	-4.907	0.0890	0.0400	1520 117319	-4.899	0.1069	17.6  2.8	2.83  0.33
HD209100	46	1916	-4.806	-4.806	0.1025	0.0641	1719 231175	-4.788	0.1486	37.6  6.2	4.12  0.47
HD215152	167	2740	-4.871	-4.878	0.0837	0.0516	713 122795	-4.867	0.0876	41.8  5.6	5.49  0.63
HD222237	18	1115	-5.015	-5.025	0.0575	0.0246	2168 2402449	-4.993	0.0918	50.7  5.7	7.54  0.87
HD222595	26	1053	-4.806	-4.833	0.2024	0.0833	1667 421715	-4.796	0.2280	24.1  3.5	3.36  0.39
HD222669	47	1403	-4.858	-4.860	0.0715	0.0526	1336 128507	-4.858	0.0654	17.5  2.9	2.66  0.31
