# Machine readable table corresponding to Figure S2. 
# Columns (1) and (2) are taken from the Kepler Input Catalog.
# Column (3) is from Pinsonneault et al (2012)
# Columns (4) to (6) are from this work
# Asteroseismic parameters to compute log(g) values for these stars from Chaplin et al (2011) are available by request from those authors
#      KepID    KepMag Teff(SDSS) F_8(Corr) R(Corr) Zcross 
#                           [K]     [ppt]   [ppt]          
        1164109  10.88      6607    0.0630   3.68     27   
        1725815  10.83      6550    0.0497   0.28     75   
        1868918  11.56      6252    0.0470   0.43     84   
        2010835  11.33      6103    0.0530   0.14    245   
        2013883  11.21      6278    0.0556   0.48     32   
        2309595  11.43      5238    0.0865   0.50     61   
        2447932  11.51      6256    0.0699   0.49     95   
        2450318  11.06      5163    0.2043   0.86    176   
        2450729  10.66      6029    0.0509   0.27     94   
        2578869  11.13      5407    0.0745   0.85     25   
        2722192  11.35      5810    0.0477   7.60     21   
        2849125  11.34      6158    0.0659   0.27    178   
        2854994  10.50      5046    0.1619   4.45     18   
        2865774  11.45      6074    0.0539   0.36     29   
        2991448  10.76      5836    0.0514   0.17    176   
        2998253  10.59      6333    0.0334   0.54     70   
        3102411  11.45      5098    0.2316   1.47     90   
        3112152  11.69      6282    0.0528   0.24     96   
        3112889  11.20      6433    0.0533   0.23    100   
        3123191   9.83      6568    0.0264   1.47     29   
        3223000   9.42      6198    0.0448   3.97     50   
        3238211  11.26      6222    0.0574   0.24     97   
        3241299   9.27      6607    0.0287   0.19     71   
        3241581  10.21      5770    0.0290   1.01     20   
        3329196  10.43      5161    0.1061   0.46    129   
        3344897  10.75      6630    0.0537   0.93     47   
        3430893  10.81      6270    0.0364   0.42     61   
        3437637  11.40      5483    0.0677   0.25    105   
        3438633  11.20      6432    0.0473   0.25     77   
        3533464  10.39      4989    0.1793   0.70    184   
        3534307  11.34      5781    0.0517   0.24     58   
        3539408   9.66      5136    0.1931   0.84    168   
        3545753  11.04      6206    0.0596   0.25    176   
        3630240  11.64      5256    0.1383   0.57    170   
        3633847  10.28      6122    0.0429   0.57     28   
        3633889  10.10      6452    0.0232   0.17     76   
        3642422  10.38      5325    0.0813   1.74     24   
        3643774   9.88      6029    0.0357   0.72     41   
        3654437  11.14      5021    0.2092   1.26     89   
        3657002   9.78      6006    0.0349   1.17     19   
        3661135  10.87      5603    0.0597   0.99     21   
        3730801  11.49      5894    0.0482   0.29     98   
        3750375   9.64      6202    0.0850   1.61     60   
        3759814  10.71      5156    0.1442   0.71    131   
        3761840  10.84      6236    0.0774   1.43     62   
        3837107  10.19      5062    0.1745   3.88     18   
        3854781  11.10      5705    0.0590   0.34     64   
        3868144  11.37      4978    0.2390   0.99    200   
        3936658  10.92      6252    0.0559   0.28    103   
        3936993  10.96      6279    0.0461   0.48     60   
        3942719  10.72      5736    0.0595   4.66      9   
        3952307  10.62      6210    0.0477   0.31     70   
        3952580  10.21      6115    0.0576   0.58     37   
        3967430   9.36      6622    0.0439   1.06     69   
        3967859  10.52      6211    0.0328   0.11    126   
        4038445  11.57      5327    0.0984   0.34    237   
        4042977  11.24      4915    0.1957   0.98    116   
        4049576  11.44      6066    0.0578   0.77     33   
        4058963  11.46      6499    0.0347   0.26     78   
        4064447  11.43      5755    0.0941   0.37    158   
        4143369  10.00      6455    0.0957   0.92     92   
        4165030  11.53      5758    0.0541   0.18    132   
        4243623  11.17      5094    0.1001   0.37    153   
        4247542  11.52      6440    0.0395   0.61     25   
        4284795  11.26      5882    0.0399   0.13    149   
        4346201   9.91      6147    0.0434   0.44     52   
        4347652  11.25      5043    0.1517   0.59    212   
        4366445   9.73      5795    0.0756   3.41     16   
        4378838  11.05      5053    0.1122   0.76     75   
        4446300  10.63      5410    0.0655   0.25    178   
        4450844  10.46      5968    0.0419   0.14    144   
        4457351  11.10      5483    0.0496   0.66      7   
        4464952  11.37      6522    0.0562   0.18    186   
        4465324  11.33      5850    0.0401   1.43     17   
        4465529   9.87      6345    0.0391   2.73     21   
        4543171  10.38      6129    0.0388   0.64     54   
        4543371  11.42      5167    0.1859   0.84    158   
        4554810   9.87      5577    0.0298   0.12    118   
        4554830  10.34      5466    0.0494   0.66     46   
        4571351  10.86      6000    0.0359   1.35     16   
        4571904  11.60      6069    0.0476   0.27     74   
        4577484  11.03      5424    0.0515   0.73     39   
        4586099   9.22      6383    0.0630   0.44     42   
        4641621  11.77      5684    0.0726   0.31    129   
        4648485  10.55      4910    0.2466   0.99    191   
        4660971  10.74      5506    0.0333   8.91     32   
        4661505  10.98      6492    0.0447   0.82     62   
        4672403  11.22      5779    0.0544   0.18    208   
        4739932  11.60      5876    0.0516   0.20    128   
        4742436  10.60      5979    0.2022   7.52     84   
        4753390  10.69      6285    0.0325   0.35     79   
        4755204  10.62      6073    0.0419   0.35     76   
        4756112  10.85      6182    0.0730   1.78     44   
        4830268  11.03      4970    0.1922   0.78    161   
        4833670   9.06      5072    0.1834   0.88    153   
        4841753  11.73      5966    0.0545   0.25    123   
        4842436  11.30      5688    0.0472   0.34     45   
        4846457  11.18      5885    0.0583   0.21    194   
        4859338   9.49      6078    0.1045   1.33     62   
        4915148  10.71      5026    0.0896   0.32    201   
        4918355  11.21      5003    0.1167   0.45    193   
        4920808  11.66      6238    0.0943   0.75     51   
        4934550  11.52      5141    0.1577   0.61    206   
        4947253  11.06      5953    0.0547   0.20    158   
        5002605  11.53      6383    0.0450   0.16    206   
        5005618  11.30      6076    0.0365   0.38     39   
        5021689   9.43      6262    0.1087   0.40     95   
        5033245  10.91      5086    0.1024   0.39    166   
        5039409  11.55      6194    0.0574   1.42     34   
        5084157  11.65      5803    0.0397   1.10     57   
        5095159  11.09      5192    0.0781   3.39      3   
        5110725  11.01      4869    0.1536   0.58    247   
        5112169  10.95      6506    0.0669   1.36     59   
        5183581   9.81      6434    0.0438   0.96     44   
        5214711  10.94      6194    0.0427   0.29     67   
        5265656  10.93      5099    0.0758  25.21      8   
        5353186  11.43      6166    0.0543   0.30    109   
        5364296  10.62      6311    0.0345   0.83     47   
        5372141  10.30      5746    0.1824  12.28     40   
        5390438  10.54      4814    0.1517   0.60    179   
        5394680  10.35      5331    0.0804   2.18     17   
        5444614  11.31      6371    0.0569   1.15     66   
        5450445   9.78      6212    0.0395   0.97     33   
        5457518  11.52      5144    0.1824   0.78    201   
        5523099  11.64      5488    0.0683   1.29     10   
        5530375  10.37      6210    0.0591   0.46     24   
        5543462  11.11      6246    0.0324   0.46     19   
        5623391  11.16      5459    0.1572   0.73    147   
        5629080  10.34      5203    0.0939   0.35    165   
        5636956  10.89      6369    0.0432   0.21     90   
        5696625  11.50      6453    0.0557   0.44     95   
        5732636   9.93      6224    0.1192   1.00    121   
        5791521  10.25      6339    0.0520   0.44     67   
        5792983  11.50      6292    0.0355   0.49     38   
        5821557  11.25      6081    0.1207   2.13    132   
        5892169   9.91      5295    0.0846   0.34    192   
        5954158  11.33      6182    0.0402   0.10    152   
        5961597  10.33      6492    0.0752   1.37     67   
        6034893  10.90      5381    0.1004  19.33      5   
        6035199  10.92      5271    0.1179   0.50    166   
        6047087  10.41      6189    0.0273   0.05    172   
        6048403  11.54      6572    0.0660   1.18     49   
        6049366  11.19      6220    0.0396   0.33     58   
        6062024  11.32      6171    0.0430   0.29     58   
        6119013  11.22      5447    0.0913   2.29     11   
        6129877  10.12      6064    0.0257   0.16     94   
        6131150  10.63      6327    0.0698   1.30     53   
        6145937  10.12      5391    0.0492   0.27    122   
        6191340  11.43      5787    0.0517   0.68     63   
        6196233  11.12      6210    0.0324   0.61     48   
        6286450  11.57      5749    0.0429   0.53     36   
        6287060  10.30      6020    0.0296   0.86     38   
        6289367   9.86      6219    0.0712   0.31    147   
        6290627  10.97      5247    0.1301   0.47    263   
        6293201  10.97      6105    0.0304   0.40     53   
        6308642  10.66      5610    0.0642   0.45     89   
        6359801  10.13      6648    0.0448   0.34    116   
        6363365  11.22      6282    0.0305   0.96     34   
        6363641  11.46      6010    0.0474   0.38     57   
        6430804  11.45      5076    0.1206   0.44    238   
        6448798  11.00      6349    0.1290   4.57     35   
        6461193  11.32      5684    0.0300   0.27     69   
        6520835  10.04      6146    0.0440   0.41     68   
        6529109  11.07      5806    0.0616   0.21    175   
        6530901  10.21      6374    0.0290   0.58     38   
        6592305   9.95      6132    0.0488   0.45     38   
        6593461  11.34      5817    0.0358   0.26     96   
        6593620  11.34      5791    0.0479   0.29     91   
        6605673  11.04      6222    0.0403   0.08    208   
        6612225  10.43      6374    0.0360   0.31     90   
        6612869  11.16      6406    0.0426   0.83     51   
        6665526  11.25      5321    0.1414   0.54    175   
        6688822  10.13      5563    0.0525   0.28     87   
        6689943  10.24      6011    0.0313   0.47     58   
        6719212  11.30      5957    0.0445   0.19    147   
        6776673  11.04      5605    0.0740   0.65     55   
        6777146  11.28      6147    0.0294   1.29     27   
        6786176  11.13      6486    0.0306   0.07    124   
        6802438  10.67      5313    0.0760   2.56      8   
        6806100  11.31      5286    0.0445   0.44     32   
        6837853  11.04      5886    0.0429   0.12    225   
        6848299  11.34      5437    0.0590   0.18    235   
        6853020  10.72      6437    0.0683   1.88     62   
        6863041  11.47      5570    0.0657   1.64     32   
        6881330  11.25      6202    0.0387   0.71     27   
        6922313  11.37      5895    0.0598   0.82     36   
        6947945  11.03      5572    0.0664   0.58     42   
        6961782  10.94      6589    0.0293   0.70     48   
        7009852  11.60      5600    0.0735   0.29    161   
        7019341  11.50      5723    0.0427   0.27     58   
        7038145  11.60      6074    0.0592   0.18    200   
        7045808  11.65      5727    0.0317   0.59     47   
        7133688  11.13      6400    0.0404   0.19    116   
        7138268  11.65      5796    0.0453   0.29     64   
        7174470  10.77      6119    0.0547   0.19    191   
        7175594  10.96      6250    0.0842   1.44     48   
        7215936  11.13      6242    0.0540   4.99     43   
        7216846  11.28      5124    0.0898   2.50     14   
        7217008  11.38      6153    0.0335   0.27    100   
        7259237  11.15      4899    0.2253   0.85    199   
        7264595  11.26      5778    0.0701   0.23    250   
        7266484   9.60      6534    0.0455   1.40     33   
        7271556  11.43      6034    0.0439   0.54     60   
        7272437  11.36      6185    0.0501   1.34     52   
        7282890   9.07      6341    0.0632   1.70     43   
        7296438  10.09      5749    0.0323   0.80     32   
        7300976  10.88      5853    0.0258   0.18     60   
        7367400  10.50      5129    0.1953   0.90    143   
        7376493  11.53      5803    0.0436   0.17    106   
        7383120  10.90      6048    0.0327   0.19    141   
        7386523  11.66      5796    0.0596   0.73     45   
        7429287  11.44      5802    0.0424   0.14    154   
        7439300  11.19      6188    0.0546   0.61     46   
        7448374  10.19      5676    0.0662   1.39     27   
        7465072  11.34      6192    0.0358   0.25     64   
        7500061  11.20      6385    0.0460   0.21     79   
        7534011  10.52      5491    0.0403   0.24     44   
        7591963  11.55      5966    0.0486   0.16    150   
        7597446  11.41      6056    0.0242   0.09    107   
        7601803  11.07      6294    0.1277   1.30     37   
        7611858  11.19      5926    0.0383   0.26     64   
        7619448  11.36      6311    0.0291   0.32     51   
        7622208  11.62      6606    0.0527   1.93     37   
        7628676  10.76      5182    0.0842   0.42     85   
        7662428   9.01      6306    0.0225   0.50     73   
        7667638  11.66      6246    0.0279   0.14     82   
        7668623   9.40      6277    0.0534   2.64     62   
        7669332  10.45      6215    0.0642   0.93     28   
        7677194  10.82      4868    0.3206   1.61    153   
        7693845  11.23      4999    0.1528   0.60    263   
        7700968  10.35      5982    0.0251   0.25     62   
        7739672  10.92      6069    0.0365   0.59     29   
        7770559  11.47      6615    0.0459   0.32     85   
        7799430  10.64      5120    0.1003   0.37    230   
        7832767  10.64      6517    0.0588   0.77     82   
        7833440  11.07      6327    0.0399   0.10    194   
        7833587  11.39      6290    0.0377   0.38     54   
        7870112  10.83      5656    0.0497   1.35      9   
        7872692  11.62      6614    0.0404   0.36     65   
        7880676  10.90      6269    0.0406   0.18    123   
        7910848  11.11      6074    0.0394   0.57     54   
        7914731  11.50      5633    0.0606   0.85     49   
        7935831  10.33      6571    0.0710   1.03     95   
        8012842  10.64      5849    0.0380   0.25     74   
        8016496  11.39      6446    0.0433   0.43     58   
        8019508  10.53      6211    0.0584   0.32    101   
        8027956  11.64      5967    0.0510   0.33     89   
        8042126  11.15      5178    0.2122   0.89    172   
        8045442  11.01      5853    0.0742   0.27    138   
        8106950  11.66      6098    0.0452   0.17    144   
        8114155  11.24      5761    0.0428   0.68     17   
        8114876  11.17      6170    0.0873   1.89     39   
        8167286  11.21      5176    0.1611   0.85    105   
        8174170  11.67      5983    0.0531   0.21    111   
        8174981  10.64      6065    0.0453   1.00     38   
        8176777  10.43      4981    0.1641   0.64    189   
        8179643  11.18      6280    0.0411   0.11     99   
        8216936  10.49      6437    0.0417   0.76     62   
        8234900  11.04      5140    0.2054   0.83    164   
        8241455  10.47      6262    0.0498   0.22    169   
        8243381  11.31      6190    0.0508   0.25    105   
        8249189   9.90      6432    0.0638   6.21     61   
        8289241  10.39      6306    0.0247   0.42     45   
        8298626   9.97      6211    0.0186   0.86     16   
        8321567  10.79      5744    0.0440   0.17    116   
        8349736   9.38      6523    0.0460   1.44     37   
        8350026   9.54      6062    0.1146  11.10     59   
        8377423  11.49      6059    0.0483   0.46     53   
        8391021  10.31      6250    0.0427   0.32     53   
        8408931  10.31      6252    0.0647   0.61     42   
        8414062  10.89      6578    0.0314   0.60     33   
        8416311  10.17      6446    0.0479   0.98     46   
        8420801  11.04      6506    0.0363   0.35     62   
        8435400  11.41      6322    0.0617   1.33     55   
        8491374  10.66      6520    0.0391   0.38     75   
        8493735  10.07      5965    0.0634   0.57     26   
        8493800  10.70      6241    0.0324   0.96     27   
        8499940  11.47      6023    0.0472   0.17    143   
        8516041  10.68      6214    0.0285   0.28     41   
        8574769  11.19      5437    0.0473   0.43     38   
        8621637  11.58      5737    0.0607   0.48     82   
        8635595  10.94      5934    0.0294   1.32     35   
        8652398  10.45      6142    0.0510   0.31     39   
        8656342  10.90      6074    0.0560   0.75     37   
        8675885  11.39      5006    0.1686   0.65    239   
        8677016  11.21      6248    0.0544   0.26     62   
        8696343  10.73      6178    0.0265   0.31     61   
        8737094  10.16      6523    0.0401   0.73     47   
        8737920  10.99      4670    0.0255   7.50     11   
        8739290  10.02      6103    0.0166   0.90     32   
        8776961  10.99      5777    0.0470   0.72     47   
        8801363  11.38      6133    0.0350   0.68     47   
        8802782  11.73      6089    0.0812   0.52     51   
        8806223  10.98      6490    0.0316   0.17     73   
        8817551  11.35      5720    0.0693   1.39     27   
        8823568  11.50      6162    0.0467   0.09    220   
        8915084  10.18      5817    0.0365   0.54     42   
        8940939   9.86      6343    0.0210   0.04    133   
        8950146  11.06      6374    0.0304   0.32     61   
        8952800  11.04      6122    0.0537   0.38    101   
        8956017  10.47      6605    0.0487   1.03     66   
        8973900  10.96      6146    0.0347   2.31     21   
        9005973  11.52      6131    0.0366   0.08    192   
        9026479  10.91      5601    0.0683   0.68     99   
        9026685  11.12      5618    0.0542   0.21    115   
        9049593  10.43      5788    0.0323   1.34     37   
        9051235  11.54      5669    0.0588   0.46     84   
        9073645  11.50      6438    0.0570   0.81     35   
        9076584  11.42      5234    0.1849   0.77    173   
        9080606  10.97      5171    0.2086   0.89    143   
        9093289  11.11      6285    0.0354   0.40     68   
        9109988  11.47      6242    0.0315   0.56     17   
        9116461   9.21      6470    0.0495   1.59     78   
        9119139  10.97      5475    0.0532   1.22     31   
        9138680  11.51      5990    0.0652   0.53     50   
        9143749  11.13      6075    0.0443   0.13    191   
        9150095  11.12      5028    0.1655   0.62    178   
        9157245  10.90      6132    0.0328   0.40     48   
        9161286  11.65      6061    0.0943   0.62     71   
        9161998  11.56      6488    0.0356   0.14    127   
        9162016  11.23      5879    0.0403   0.18     75   
        9163769  10.14      6438    0.0513   1.70    111   
        9201604  11.46      5230    0.1046   0.72     93   
        9202077  10.28      6119    0.0406   0.48     32   
        9202960  11.47      4544    0.0202   1.13      7   
        9204313  10.68      5853    0.0414   0.14    151   
        9209245  11.47      6414    0.0485   0.63     23   
        9221678  10.85      6594    0.0346   0.25     90   
        9225600  10.81      6262    0.0402   0.18    135   
        9266926  11.30      5971    0.0406   0.13    175   
        9273544  11.00      6125    0.0368   0.56     46   
        9287845  11.02      6488    0.0492   0.43     55   
        9289275   9.65      6227    0.0571   1.12     28   
        9292130  10.66      6176    0.0509   0.70     43   
        9328372  11.14      6572    0.0516   1.43     57   
        9335972  11.35      5784    0.0589   1.64     35   
        9343974  10.39      5230    0.1449   0.61    170   
        9353859  11.40      5284    0.1029   2.13     16   
        9390670   9.60      6246    0.0582   3.20     59   
        9391335  11.45      5853    0.0351   0.37     35   
        9394953  11.48      6018    0.0483   0.38     65   
        9402223  10.38      6350    0.0612   1.45     44   
        9412514  11.39      6204    0.0522   0.48     77   
        9414381  11.03      5495    0.0652   1.27     20   
        9426660  11.50      6158    0.0757   1.59     15   
        9446628  10.66      6298    0.0440   0.93     33   
        9451741  11.07      5835    0.0331   0.06    156   
        9457728  10.44      6390    0.0488   0.22    147   
        9458636  11.15      6220    0.0402   0.14    126   
        9468847  10.49      6064    0.0463   0.12    202   
        9512063   9.75      5977    0.0526   1.19     21   
        9516748  10.25      6392    0.0260   0.45     56   
        9542776  11.62      6343    0.0650   0.50     77   
        9579208  10.34      6422    0.0414   1.15     46   
        9590062  11.11      5248    0.1615   0.83    109   
        9604728  10.45      5439    0.0194   2.23     11   
        9641837   9.98      6270    0.0530   0.21    151   
        9644337  10.87      6178    0.0303   0.66     41   
        9664404  10.47      6057    0.0266   0.33     50   
        9664694  11.28      6080    0.0537   0.18    176   
        9693187   9.53      5790    0.0278   0.19     58   
        9700430  11.51      6111    0.0438   0.31     86   
        9702752  10.67      5770    0.0497   0.49     46   
        9716885  11.15      5183    0.1149   0.43    179   
        9754284  11.07      6182    0.0412   0.15    181   
        9757640  11.13      5506    0.0540   1.58     23   
        9768011  11.27      6630    0.0425   0.39     52   
        9778067  11.57      6433    0.0521   0.23     88   
        9787965  11.39      6200    0.0485   0.18    109   
        9788260  10.74      5354    0.0693   0.80     18   
        9791157  11.02      5852    0.0574   0.36     73   
        9821513  11.07      6550    0.0424   0.63     53   
        9832782  11.56      5830    0.0457   0.13    159   
        9880787  11.25      6074    0.0540   1.02     27   
        9884760  10.78      6166    0.0592   2.38     35   
        9892609  10.10      6429    0.0415   0.55     47   
        9892947  11.26      6078    0.0910   0.40    113   
        9893470  10.60      5936    0.0753   0.50     97   
        9897838  10.91      5179    0.0930   0.57     73   
        9903271  11.23      4907    0.1374   0.52    233   
        9959776  11.30      6062    0.0365   0.10    141   
        9962623  11.22      5913    0.0418   0.17    112   
        9994771  10.80      5541    0.0861  25.25      5   
       10003270  11.41      6594    0.0641   0.45    107   
       10005147  11.40      6466    0.0299   0.41     71   
       10016239   9.91      6482    0.0259   0.29     74   
       10019747  10.32      5769    0.0505   0.16    179   
       10024648  10.87      6409    0.0396   0.34     48   
       10025841  10.79      5738    0.0353   1.06     24   
       10070754  10.35      6550    0.0223   0.10    122   
       10074716  11.57      6064    0.0455   0.23     90   
       10081026  11.20      6503    0.0604   1.87     24   
       10083309  11.57      6107    0.0609   0.82     40   
       10088136  11.07      5301    0.1027   0.38    171   
       10118942  11.50      6362    0.0594   0.22    154   
       10127823  10.88      6629    0.0302   0.21     88   
       10130724  11.41      5648    0.0343   0.32     48   
       10140513  11.03      6124    0.0527   8.43     39   
       10155219  11.20      6225    0.0293   0.42     74   
       10186764  10.91      6488    0.0417   0.22     78   
       10188980  11.21      5836    0.0323   2.20     11   
       10202294  10.66      5803    0.0532   0.25     91   
       10215584  10.60      5995    0.0237   0.40     41   
       10219338  10.94      5024    0.1558   0.70    154   
       10272923  11.41      5078    0.1082   0.45    162   
       10290021   9.98      6215    0.0421   0.53     35   
       10295224   9.02      6091    0.1332   4.11    141   
       10319352  11.05      5659    0.0512   7.59     23   
       10322381  11.07      6464    0.0345   0.71     47   
       10324098  11.47      6370    0.0485   0.33     87   
       10336776  11.40      6355    0.0445   0.11    202   
       10340511  11.58      6107    0.0440   0.16    168   
       10351059  10.22      6530    0.0374   0.52     43   
       10351085  11.59      6324    0.0349   0.36     69   
       10353676  11.36      6203    0.0476   0.57     13   
       10382946  10.62      6315    0.0466   1.27     43   
       10385708  11.15      6036    0.0787   0.92     62   
       10394814  10.64      5156    0.1260   0.49    188   
       10398597  11.64      6412    0.0523   0.17    126   
       10417911  11.28      5545    0.0584   0.19    181   
       10448382  11.45      6202    0.0718   0.39     88   
       10462940   9.71      6265    0.0245   0.47     26   
       10491771   9.72      6601    0.0329   0.79     54   
       10514274  11.33      6134    0.0567   0.67     40   
       10518551  10.31      6242    0.0450   0.51     30   
       10552972  10.72      5225    0.1686   0.67    177   
       10557075  10.49      6005    0.0368   1.17     29   
       10610250  11.46      4883    0.2468   0.97    223   
       10655953  10.74      6594    0.0278   0.54     30   
       10663892  11.81      6214    0.0372   0.32     82   
       10670371  11.01      5334    0.0785   0.72     59   
       10712891  11.52      5358    0.0628   1.20      7   
       10717090  11.13      5817    0.0391   1.40     12   
       10727922  11.24      6319    0.0441   0.47     36   
       10731424  11.59      6432    0.0689   1.19     55   
       10732098  11.66      5796    0.0570   0.53     57   
       10752913  10.17      5059    0.1776   0.68    188   
       10753181  11.34      6150    0.0466   0.40     72   
       10775748  10.39      6270    0.0513   3.01     38   
       10776854  10.66      5789    0.0403   0.86     15   
       10794845  10.54      6398    0.0197   0.11     92   
       10797849  10.84      6292    0.1172   3.64    127   
       10801063  10.38      5071    0.1469   0.80     61   
       10813660  11.04      6273    0.0349   0.64     49   
       10864215  10.92      6486    0.0887   1.01     52   
       10873176  11.35      6517    0.0540   0.22    130   
       10909629  10.87      6501    0.0446   0.17    121   
       10920182  11.82      6164    0.0541   0.41     77   
       10923629   9.85      6195    0.0534   1.52     33   
       10937782  11.29      5199    0.1454   0.76    128   
       10959362  10.91      5806    0.0683   1.31     27   
       10971974  11.30      6030    0.0335   1.18     35   
       10972252  11.45      6237    0.0514   0.54     46   
       10976896  10.26      5628    0.0407   0.13    168   
       10983401  10.62      5167    0.2072   0.92    163   
       10990438  11.15      5226    0.1170   0.89     54   
       11021413  10.14      5452    0.0621   0.25    116   
       11027406  10.37      6250    0.0316   0.07    209   
       11075448  10.35      6470    0.0342   0.76     78   
       11075456  10.50      6513    0.0330   1.26    103   
       11081504  11.27      6338    0.0280   0.41     75   
       11082784  11.44      5923    0.0565   1.17     13   
       11083308  11.37      6234    0.0462   0.47     64   
       11098033  11.49      6358    0.0534   0.37    107   
       11128041  10.79      5955    0.0314   9.76     25   
       11128126  11.28      6250    0.0294   0.38     66   
       11133100  10.68      6222    0.0340   0.17    104   
       11138101  10.76      6218    0.0514   0.19    182   
       11144500  11.30      6594    0.0698   1.39     72   
       11188192  11.05      4995    0.1901   0.81    120   
       11188219  11.05      6024    0.0334   0.07    189   
       11229052  10.05      6495    0.0349   0.31     67   
       11230757  11.57      6315    0.0482   0.61     26   
       11231992  10.81      5273    0.1704   1.11     88   
       11234888  11.93      6222    0.0651   0.61     95   
       11290197  11.41      6544    0.0372   0.76     41   
       11294717  11.83      5640    0.0526   0.21     92   
       11307875  11.22      5136    0.1302   0.50    222   
       11308295  10.62      5053    0.1536   0.60    212   
       11356138  11.61      6125    0.0652   0.56     66   
       11389393  10.56      6174    0.0458   0.20    106   
       11389437  10.38      6158    0.0411   0.39     66   
       11395018  10.76      5650    0.0593   0.46     75   
       11401156   9.89      5115    0.0805   0.35    138   
       11401708  10.76      5859    0.0604   1.33     35   
       11445774  11.91      6401    0.2654   6.62    116   
       11453915  10.35      6608    0.0222   0.26     60   
       11454149  10.48      6435    0.0222   0.22    102   
       11456910  11.30      6386    0.0392   0.28     88   
       11460626  11.56      6176    0.0561   0.21    154   
       11467550  11.04      6146    0.0501   0.68     39   
       11496573  11.41      5218    0.1198   0.45    195   
       11497304  11.20      6594    0.0368   0.24     66   
       11502597  11.71      5798    0.0576   0.33    109   
       11506988   9.73      6438    0.0257   0.21     47   
       11507653  11.41      5916    0.0442   0.40     28   
       11513798  11.07      4877    0.2336   1.23    155   
       11558593  11.26      5309    0.0899   0.36    190   
       11559046  11.15      6545    0.0238   0.82     37   
       11611414  11.48      6279    0.0403   0.31     72   
       11612629  11.28      6301    0.0462   0.68     36   
       11620833  10.41      5026    0.1276   0.51    176   
       11674236  11.61      5413    0.0675   0.27    127   
       11708273  11.09      5959    0.0473   1.41     15   
       11709205  11.11      4882    0.1676   1.24     37   
       11713510  10.79      5941    0.0452   0.15    156   
       11722551  11.00      4997    0.0776   0.28    184   
       11723674  11.43      6246    0.0614   0.26    139   
       11759838  11.29      5450    0.0940  10.58     10   
       11802939  11.17      6045    0.0775   0.48     62   
       11802968  10.89      5083    0.1015   0.42    181   
       11809558  11.04      5089    0.1008   0.53     41   
       11817562  11.52      6247    0.0823   0.43     44   
       11862119  11.28      6271    0.0436   0.16    145   
       11911418  11.41      5629    0.0800   0.53     31   
       11913734   9.42      6105    0.0914   2.12     45   
       11962180  11.24      6329    0.0480   0.44     32   
       11970698  11.13      6076    0.0456   1.21     27   
       11971746  10.72      5952    0.0348   0.23     54   
       12004971  11.49      6498    0.0632   0.60     34   
       12011630  10.18      5817    0.0266   0.09    101   
       12020532  10.89      5392    0.1035   3.65     18   
       12055375  11.43      5991    0.0591   0.29    119   
       12058443  11.39      4986    0.1367   0.54    179   
       12069569  11.25      6357    0.0563   0.23    171   
       12117868  10.51      6160    0.0330   0.15     67   
       12122064   9.25      6558    0.1229   1.09    143   
       12155948  11.38      5309    0.0780  16.25     14   
       12156916  10.14      6546    0.0344   0.16     96   
       12169222  10.82      6629    0.0555   0.94     89   
       12253255  11.49      6457    0.0678   0.45     75   
       12255981  11.00      5172    0.0946   0.91     47   
       12265063  10.99      6189    0.0530   1.08     32   
       12304142  10.03      6186    0.0429   0.33     47   
       12366681   9.56      6188    0.0412   0.36     59   
       12507240  10.96      6157    0.0895   0.47     50   
       12554802  11.04      5100    0.1412   0.64    157   
       12555505   9.62      5704    0.0298   0.29     49   
       12600459  10.41      6303    0.0409   0.43     93   
       12602236  10.15      6522    0.0447   0.89     65   
       12690331  11.48      6626    0.0668   0.51     67   
       12735580  11.49      6170    0.0736   0.33    126   
